Processing 3 Bishop
Nov 8 2016
~~~~~~~~~~~~~~~~~~~~~~~~~~~~~~~~~~~~~~~~~~~~~~~~~~~~~~~~~~~~~~~~~~~~~~~~~~~~~~~~~~~~~~~~~~~~~~~~~~~~~~~~~~~~~~~~~~~~~~~~~~~~~~

size(300,300);
background(255);
fill(0);
rect(110,204,80,15);
ellipse(150,206,80,30);
ellipse(150,191,60,13);
rect(130,80,40,130);
ellipse(149,76,60,15);
ellipse(150,60,50,50);
ellipse(150,60,50,60);
ellipse(150,223,90,15);

fill(255);
stroke(255);
ellipse(124,39,30,50);
ellipse(175,39,30,50);
ellipse(121,135,30,105);
ellipse(179,135,30,105);
rect(105,226,90,15);

fill(0);
stroke(0);
ellipse(150,60,38,60);
ellipse(150,25,15,15);
